var :che1 		0x000000D1
var :che2 		0x0000014A
var :che3 		0x00000134
var :che4 		0x00000161
var :che5 		0x0000018F

STEP
SERVER
createChe :che1  blue SETUP_ORDERS
createChe :che2  blue SETUP_ORDERS
createChe :che3  blue SETUP_ORDERS
createChe :che4  blue SETUP_ORDERS
createChe :che5  blue SETUP_ORDERS
deleteOrders 26721526 26721525 26721527 26715534 26715535 26715536 26715537 26712892 26712893 26711617 26711616 26711619 26711618 26711622 26711621 26711620 26711615 26711623 26709059 26709073 26709068 26709074 26709069 26709075 26709066 26709058 26709067 26709064 26709065 26709062 26709063 26709061 26709060 26709070 26709072 26709071 26715677 26715676 26715675 26715674 26718668 26737725 26749379 26749378 26749380 26749384 26749383 26749382 26749381 26707499 
deleteOrders 26707497 26707498 26707495 26707496 26707493 26707500 26707494 26707491 26707502 26707492 26707501 26707504 26707490 26707503 26707486 26707487 26707488 26707489 26707480 26707481 26707506 26707482 26707505 26707483 26707484 26707485 26707458 26707457 26707459 26707477 26707478 26707475 26707476 26707479 26707470 26707473 26707474 26707471 26707472 26707463 26707462 26707461 26707460 26707467 26707466 26707465 26707464 26707469 26707468 26733861 
deleteOrders 26733862 26716571 26742129 26704259 26742176 26711355 26711356 26711357 26711358 26711359 26711263 26711264 26711265 26711266 26711260 26711261 26711262 26711257 26711256 26711259 26711258 26711361 26711360 26711363 26711362 26711365 26711364 26711346 26711347 26711344 26711345 26711348 26711349 26711254 26711255 26711252 26711253 26711250 26711251 26711249 26711248 26711247 26711246 26711245 26711350 26711354 26711353 26711352 26711351 26711337 
deleteOrders 26711338 26711339 26711333 26711334 26711335 26711336 26711280 26711281 26711282 26711283 26711284 26711285 26711286 26711287 26711288 26711279 26711278 26711341 26711340 26711343 26711342 26711328 26711329 26711326 26711327 26711324 26711325 26711322 26711323 26711272 26711273 26711270 26711271 26711276 26711277 26711274 26711275 26711269 26711268 26711267 26711332 26711331 26711330 26711399 26711389 26711388 26711393 26711394 26711391 26711392 
deleteOrders 26711397 26711398 26711395 26711396 26711390 26711244 26711243 26711378 26711377 26711379 26711384 26711385 26711386 26711387 26711380 26711381 26711382 26711383 26711369 26711368 26711367 26711366 26711375 26711376 26711373 26711374 26711371 26711372 26711370 26711320 26711321 26711289 26711420 26711293 26711417 26711292 26711416 26711295 26711415 26711319 26711294 26711414 26711297 26711413 26711296 26711412 26711299 26711411 26711298 26711410 
importOrders orders_250

SITE
defChe CHE1 :che1 CHE2 :che2 CHE3 :che3 CHE4 :che4 CHE5 :che5
logout CHE1 CHE2 CHE3 CHE4 CHE5
setParams pickSpeed=1.5 skipFreq=0 shortFreq=0 stagger=5
loginSetup CHE1 CHE1
loginSetup CHE2 CHE2
loginSetup CHE3 CHE3
loginSetup CHE4 CHE4
loginSetup CHE5 CHE5
setupMany start
setupCart CHE1 26721526 26721525 26721527 26715534 26715535 26715536 26715537 26712892 26712893 26711617 26711616 26711619 26711618 26711622 26711621 26711620 26711615 26711623 26709059 26709073 26709068 26709074 26709069 26709075 26709066 26709058 26709067 26709064 26709065 26709062 26709063 26709061 26709060 26709070 26709072 26709071 26715677 26715676 26715675 26715674 26718668 26737725 26749379 26749378 26749380 26749384 26749383 26749382 26749381 26707499 
setupCart CHE2 26707497 26707498 26707495 26707496 26707493 26707500 26707494 26707491 26707502 26707492 26707501 26707504 26707490 26707503 26707486 26707487 26707488 26707489 26707480 26707481 26707506 26707482 26707505 26707483 26707484 26707485 26707458 26707457 26707459 26707477 26707478 26707475 26707476 26707479 26707470 26707473 26707474 26707471 26707472 26707463 26707462 26707461 26707460 26707467 26707466 26707465 26707464 26707469 26707468 26733861 
setupCart CHE3 26733862 26716571 26742129 26704259 26742176 26711355 26711356 26711357 26711358 26711359 26711263 26711264 26711265 26711266 26711260 26711261 26711262 26711257 26711256 26711259 26711258 26711361 26711360 26711363 26711362 26711365 26711364 26711346 26711347 26711344 26711345 26711348 26711349 26711254 26711255 26711252 26711253 26711250 26711251 26711249 26711248 26711247 26711246 26711245 26711350 26711354 26711353 26711352 26711351 26711337 
setupCart CHE4 26711338 26711339 26711333 26711334 26711335 26711336 26711280 26711281 26711282 26711283 26711284 26711285 26711286 26711287 26711288 26711279 26711278 26711341 26711340 26711343 26711342 26711328 26711329 26711326 26711327 26711324 26711325 26711322 26711323 26711272 26711273 26711270 26711271 26711276 26711277 26711274 26711275 26711269 26711268 26711267 26711332 26711331 26711330 26711399 26711389 26711388 26711393 26711394 26711391 26711392 
setupCart CHE5 26711397 26711398 26711395 26711396 26711390 26711244 26711243 26711378 26711377 26711379 26711384 26711385 26711386 26711387 26711380 26711381 26711382 26711383 26711369 26711368 26711367 26711366 26711375 26711376 26711373 26711374 26711371 26711372 26711370 26711320 26711321 26711289 26711420 26711293 26711417 26711292 26711416 26711295 26711415 26711319 26711294 26711414 26711297 26711413 26711296 26711412 26711299 26711411 26711298 26711410 
setupMany stop
pickAll
