STEP
SERVER
deleteOrders 26721526 26721525 26721527 26715534 26715535 26715536 26715537 26712892 26712893 26711617 26711616 26711619 26711618 26711622 26711621 26711620 26711615 26711623 26709059 26709073 26709068 26709074 26709069 26709075 26709066 26709058 26709067 26709064 26709065 26709062 26709063 26709061 26709060 26709070 26709072 26709071 26715677 26715676 26715675 26715674 26718668 26737725 26749379 26749378 26749380 26749384 26749383 26749382 26749381 26707499 
deleteOrders 26707497 26707498 26707495 26707496 26707493 26707500 26707494 26707491 26707502 26707492 26707501 26707504 26707490 26707503 26707486 26707487 26707488 26707489 26707480 26707481 26707506 26707482 26707505 26707483 26707484 26707485 26707458 26707457 26707459 26707477 26707478 26707475 26707476 26707479 26707470 26707473 26707474 26707471 26707472 26707463 26707462 26707461 26707460 26707467 26707466 26707465 26707464 26707469 26707468 26733861 
importOrders orders_100

SITE
waitForDevices 0x0000009B

defChe CHE1 0x0000009B
logout CHE1 
loginSetup CHE1 CHE1
setupCart CHE1 26721526 26721525 26721527 26715534 26715535 26715536 26715537 26712892 26712893 26711617 26711616 26711619 26711618 26711622 26711621 26711620 26711615 26711623 26709059 26709073 26709068 26709074 26709069 26709075 26709066 26709058 26709067 26709064 26709065 26709062 26709063 26709061 26709060 26709070 26709072 26709071 26715677 26715676 26715675 26715674 26718668 26737725 26749379 26749378 26749380 26749384 26749383 26749382 26749381 26707499 
pickAll
