STEP
SERVER
deleteOrders 26721526 26721525 26721527 26715534 26715535 26715536 26715537 26712892 26712893 26711617 26711616 26711619 26711618 26711622 26711621 26711620 26711615 26711623 26709059 26709073 26709068 26709074 26709069 26709075 26709066 26709058 26709067 26709064 26709065 26709062 26709063 26709061 26709060 26709070 26709072 26709071 26715677 26715676 26715675 26715674 26718668 26737725 26749379 26749378 26749380 26749384 26749383 26749382 26749381 26707499 
deleteOrders 26707497 26707498 26707495 26707496 26707493 26707500 26707494 26707491 26707502 26707492 26707501 26707504 26707490 26707503 26707486 26707487 26707488 26707489 26707480 26707481 26707506 26707482 26707505 26707483 26707484 26707485 26707458 26707457 26707459 26707477 26707478 26707475 26707476 26707479 26707470 26707473 26707474 26707471 26707472 26707463 26707462 26707461 26707460 26707467 26707466 26707465 26707464 26707469 26707468 26733861 
deleteOrders 26733862 26716571 26742129 26704259 26742176 26711355 26711356 26711357 26711358 26711359 26711263 26711264 26711265 26711266 26711260 26711261 26711262 26711257 26711256 26711259 26711258 26711361 26711360 26711363 26711362 26711365 26711364 26711346 26711347 26711344 26711345 26711348 26711349 26711254 26711255 26711252 26711253 26711250 26711251 26711249 26711248 26711247 26711246 26711245 26711350 26711354 26711353 26711352 26711351 26711337 
deleteOrders 26711338 26711339 26711333 26711334 26711335 26711336 26711280 26711281 26711282 26711283 26711284 26711285 26711286 26711287 26711288 26711279 26711278 26711341 26711340 26711343 26711342 26711328 26711329 26711326 26711327 26711324 26711325 26711322 26711323 26711272 26711273 26711270 26711271 26711276 26711277 26711274 26711275 26711269 26711268 26711267 26711332 26711331 26711330 26711399 26711389 26711388 26711393 26711394 26711391 26711392 
deleteOrders 26711397 26711398 26711395 26711396 26711390 26711244 26711243 26711378 26711377 26711379 26711384 26711385 26711386 26711387 26711380 26711381 26711382 26711383 26711369 26711368 26711367 26711366 26711375 26711376 26711373 26711374 26711371 26711372 26711370 26711320 26711321 26711289 26711420 26711293 26711417 26711292 26711416 26711295 26711415 26711319 26711294 26711414 26711297 26711413 26711296 26711412 26711299 26711411 26711298 26711410 
deleteOrders 26711314 26711313 26711312 26711311 26711318 26711317 26711316 26711291 26711419 26711315 26711290 26711418 26711310 26711309 26711404 26711308 26711403 26711406 26711405 26711400 26711402 26711401 26711301 26711300 26711303 26711302 26711305 26711408 26711304 26711407 26711307 26711306 26711409 26711435 26711434 26711433 26711432 26711437 26711436 26711430 26711431 26711422 26711421 26711424 26711423 26711426 26711425 26711428 26711427 26711429 
deleteOrders 26747228 26747229 26747226 26747227 26747230 26737967 26737966 26737969 26737968 26737159 26737157 26737139 26737158 26737155 26737156 26737153 26737154 26737151 26737152 26737150 26737141 26737140 26737145 26737144 26737143 26737142 26737149 26737148 26737147 26737146 26742128 26742127 26709499 26741881 26741880 26741844 26741845 26741846 26741847 26741866 26741848 26741867 26741849 26741868 26741869 26741862 26741863 26741864 26741865 26741840 
deleteOrders 26741841 26741860 26741842 26741861 26741843 26741857 26741832 26741858 26741855 26741856 26741879 26741877 26741859 26741878 26741875 26741876 26741839 26741850 26741873 26741838 26741874 26741837 26741871 26741836 26741853 26741872 26741835 26741854 26741834 26741851 26741870 26741833 26741852 26717030 26744662 26744663 26744664 26712953 26712952 26712951 26712950 26712957 26712956 26712955 26712954 26712959 26712958 26712960 26712944 26712962 
deleteOrders 26712943 26712961 26712964 26712946 26712945 26712963 26712940 26712965 26712942 26712941 26712948 26712947 26712949 26709442 26709443 26709441 26709446 26709447 26709444 26709445 26709450 26709448 26709449 26715682 26715683 26714060 26714056 26714055 26714054 26714053 26714059 26714058 26714057 26741430 26741429 26716618 26747232 26747231 26709226 26709225 26709224 26709223 26709222 26709221 26739257 26739256 26739255 26739254 26739253 26739252 
deleteOrders 26739251 26739250 26739246 26739247 26739248 26739249 26735629 26735631 26735630 26735624 26735627 26735628 26735625 26735626 26721461 26748279 26748278 26748277 26716617 26721699 26721695 26721696 26721697 26721698 26721700 26721694 26721693 26721692 26721701 26703586 26703585 26703744 26703742 26703582 26703743 26703584 26703745 26703583 26705735 26705736 26705737 26705738 26705739 26708888 26708887 26705740 26708889 26705742 26708884 26705741
deleteOrders 26708883 26708886 26705744 26708885 26705743 26708882 26708881 26705749 26705747 26705748 26705745 26705746 26705754 26705753 26705752 26705751 26705750 26708891 26708890 26733404 26739314 26739313 26739316 26739315 26739355 26739356 26739353 26739354 26739359 26739357 26739358 26739351 26739352 26739350 26739323 26739322 26739321 26739320 26739327 26739326 26739325 26739324 26739364 26739319 26739365 26739366 26739317 26739367 26739318 26739368 
deleteOrders 26739369 26739360 26739361 26739362 26739363 26739329 26739328 26739337 26739373 26739338 26739372 26739335 26739371 26739336 26739370 26739333 26739334 26739331 26739332 26739330 26739339 26739346 26739347 26739348 26739349 26739342 26739343 26739344 26739345 26739340 26739341 26742978 26742965 26744799 26744798 26744812 26744813 26744810 26744811 26744800 26744801 26744802 26744803 26744804 26744805 26744806 26744807 26744808 26744814 26744809 
deleteOrders 26742107 26743046 26743047 26743048 26743049 26743054 26743053 26743056 26743055 26743050 26743052 26743051 26743059 26743057 26743058 26743067 26743066 26743065 26743064 26743063 26743062 26743061 26743060 26743069 26743068 26743071 26743072 26743073 26743074 26743075 26743076 26743077 26743078 26743034 26743033 26743070 26743037 26743038 26743035 26743036 26743039 26743079 26743041 26743040 26743045 26743080 26743081 26743044 26743043 26743042 
deleteOrders 26718131 26718130 26718133 26718132 26718139 26718138 26718129 26718135 26718134 26718137 26718136 26739264 26748518 26736992 26736993 26736984 26736990 26736991 26736989 26736988 26736987 26736986 26736985 26767409 26767399 26767408 26767405 26767404 26767407 26767406 26767401 26767400 26767403 26767402 26767081 26767080 26767083 26767082 26767084 26767079 26767078 26737962 26737963 26737960 26737961 26737965 26737964 26737959 26737958 26737957 
deleteOrders 26718028 26718024 26718025 26718026 26718027 26712585 26712586 26712583 26712584 26712581 26712582 26712587 26739047 26739048 26739045 26739046 26739049 26739050 26739051 26739043 26739052 26739053 26739044 26739054 26739041 26739055 26739042 26740072 26718803 26718802 26701201 26733935 26733934 26734284 26744649 26744647 26744648 26744645 26744646 26744643 26744644 26744641 26744642 26744651 26744650 26744638 26744639 26744634 26744652 26744635 
deleteOrders 26744653 26744654 26744636 26744655 26744637 26744656 26744630 26744657 26744631 26744658 26744632 26744659 26744633 26744640 26744660 26744661 26688760 26688758 26688759 26707084 26707085 26707082 26707083 26707086 26707069 26707068 26707065 26707064 26707067 26707066 26707081 26707061 26707080 26707060 26707063 26707062 26707071 26707072 26707073 26707074 26707075 26707076 26707077 26707078 26708184 26707079 26708185 26708186 26707059 26707058 
deleteOrders 26707057 26707056 26707055 26707054 26707053 26707070 26739393 26736775 26716379 26716447 26716378 26716446 26716445 26716444 26716375 26716443 26716374 26716442 26716377 26716441 26716376 26716440 26716371 26716370 26716373 26716372 26716439 26716437 26716438 26716456 26716369 26716455 26716368 26716458 26716367 26716457 26716366 26716452 26716365 26716451 26716364 26716454 26716363 26716453 26716362 26716361 26716360 26716450 26716448 26716449 
deleteOrders 26716353 26716421 26716352 26716420 26716355 26716354 26716357 26716425 26716356 26716424 26716359 26716423 26716358 26716422 26716351 26716350 26716349 26716417 26716418 26716415 26716416 26716419 26716344 26716430 26716343 26716342 26716432 26716341 26716431 26716348 26716434 26716347 26716433 26716346 26716436 26716345 26716435 26716340 26716426 26716427 26716338 26716428 26716339 26716429 26716275 26716276 26716277 26716278 26716501 26716279 
deleteOrders 26716502 26716500 26716402 26716403 26716400 26716270 26716401 26716271 26716272 26716273 26716274 26716510 26716511 26716512 26716513 26716411 26716412 26716413 26716414 26716410 26716409 26716408 26716405 26716404 26716407 26716406 26716504 26716503 26716506 26716505 26716508 26716507 26716509 26716390 26716391 26716297 26716392 26716298 26716393 26716299 26716394 26716395 26716293 26716396 26716294 26716397 26716295 26716398 26716296 26716399 
deleteOrders 26716290 26716291 26716292 26716519 26716518 26716517 26716516 26716515 26716514 26716380 26716288 26716383 26716289 26716384 26716286 26716381 26716287 26716382 26716284 26716387 26716285 26716388 26716282 26716385 26716283 26716386 26716280 26716281 26716389 26716329 26716328 26716327 26716480 26716481 26716482 26716483 26716488 26716336 26716489 26716337 26716334 26716335 26716484 26716332 26716485 26716333 26716486 26716330 26716487 26716331 
deleteOrders 26716317 26716316 26716319 26716318 26716493 26716494 26716491 26716492 26716490 26716323 26716324 26716499 26716325 26716326 26716497 26716498 26716320 26716495 26716321 26716496 26716322 26716308 26716307 26716459 26716306 26716305 26716309 26716460 26716461 26716462 26716310 26716463 26716311 26716464 26716465 26716466 26716314 26716467 26716315 26716468 26716312 26716469 26716313 26716471 26716472 26716470 26716475 26716476 26716473 26716474 
deleteOrders 26716300 26716479 26716301 26716302 26716477 26716303 26716478 26716304 26744591 26744592 26744581 26744590 26744595 26744582 26744596 26744583 26744597 26744593 26744584 26744594 26744585 26744589 26744588 26744587 26744586 26734419 26734420 26734418 26745228 26744342 26744343 26744340 26744341 26746228 26746227 26746226 26746225 26746249 26746248 26746247 26746229 26746230 26746231 26746234 26746235 26746232 26746233 26746237 26746236 26746239 
deleteOrders 26746238 26746243 26746244 26746245 26746246 26746222 26746240 26746223 26746241 26746224 26746242 26737498 26737499 26737501 26737496 26737500 26737497 26737494 26737495 26737540 26737522 26737541 26737523 26737520 26737521 26737542 26737543 26737538 26737537 26737519 26737536 26737518 26737535 26737517 26737516 26737515 26737514 26737539 26737513 26737510 26737511 26737530 26737512 26737531 26737532 26737533 26737534 26737525 26737507 26737524 
deleteOrders 26737506 26737527 26737509 26737526 26737508 26737529 26737503 26737528 26737502 26737505 26737504 26740143 26740142 26740144 26740141 26739122 26714878 26714879 26736817 26736815 26736816 26736813 26736814 26736811 26736812 26736810 26701464 26701465 26701463 26701467 26701466 26701469 26701468 26714104 26714113 26714112 26714115 26714114 26714111 26714110 26714117 26714116 26714109 26714105 26714106 26714107 26714108 26735609 26735590 26735607 
deleteOrders 26735608 26735592 26735605 26735591 26735606 26735594 26735603 26735593 26735604 26735596 26735601 26735595 26735602 26735598 26735597 26735600 26735588 26735589 26735618 26735619 26735614 26735615 26735616 26735617 26735610 26735611 26735612 26735613 26735599 26735620 26735623 26735574 26735576 26735621 26735622 26735575 26735587 26735586 26735585 26735584 26735583 26735582 26735581 26735580 26735579 26735577 26735578 26745360 26740399 26740395 
importOrders orders_1250

SITE
waitForDevices 0x0000009B 0x000000ED
defChe CHE1  0x0000009B 
defChe CHE2  0x000000ED 
defChe CHE3  0x10000003 CHE4  0x10000004 CHE5  0x10000005 CHE6  0x10000006 CHE7  0x10000007 CHE8  0x10000008 CHE9  0x10000009 CHE10 0x10000010
defChe CHE11 0x10000011 CHE12 0x10000012 CHE13 0x10000013 CHE14 0x10000014 CHE15 0x10000015 CHE16 0x10000016 CHE17 0x10000017 CHE18 0x10000018 CHE19 0x10000019 CHE20 0x10000020
defChe CHE21 0x10000021 CHE22 0x10000022 CHE23 0x10000023 CHE24 0x10000024 CHE25 0x10000025
logout CHE1  CHE2  CHE3  CHE4  CHE5  CHE6  CHE7  CHE8  CHE9  CHE10
logout CHE11 CHE12 CHE13 CHE14 CHE15 CHE16 CHE17 CHE18 CHE19 CHE20
logout CHE21 CHE22 CHE23 CHE24 CHE25
loginSetup CHE1 CHE1
setupCart CHE1 26721526 26721525 26721527 26715534 26715535 26715536 26715537 26712892 26712893 26711617 26711616 26711619 26711618 26711622 26711621 26711620 26711615 26711623 26709059 26709073 26709068 26709074 26709069 26709075 26709066 26709058 26709067 26709064 26709065 26709062 26709063 26709061 26709060 26709070 26709072 26709071 26715677 26715676 26715675 26715674 26718668 26737725 26749379 26749378 26749380 26749384 26749383 26749382 26749381 26707499 
loginSetup CHE2 CHE2
setupCart CHE2 26707497 26707498 26707495 26707496 26707493 26707500 26707494 26707491 26707502 26707492 26707501 26707504 26707490 26707503 26707486 26707487 26707488 26707489 26707480 26707481 26707506 26707482 26707505 26707483 26707484 26707485 26707458 26707457 26707459 26707477 26707478 26707475 26707476 26707479 26707470 26707473 26707474 26707471 26707472 26707463 26707462 26707461 26707460 26707467 26707466 26707465 26707464 26707469 26707468 26733861 
loginSetup CHE3 CHE3
setupCart CHE3 26733862 26716571 26742129 26704259 26742176 26711355 26711356 26711357 26711358 26711359 26711263 26711264 26711265 26711266 26711260 26711261 26711262 26711257 26711256 26711259 26711258 26711361 26711360 26711363 26711362 26711365 26711364 26711346 26711347 26711344 26711345 26711348 26711349 26711254 26711255 26711252 26711253 26711250 26711251 26711249 26711248 26711247 26711246 26711245 26711350 26711354 26711353 26711352 26711351 26711337 
loginSetup CHE4 CHE4
setupCart CHE4 26711338 26711339 26711333 26711334 26711335 26711336 26711280 26711281 26711282 26711283 26711284 26711285 26711286 26711287 26711288 26711279 26711278 26711341 26711340 26711343 26711342 26711328 26711329 26711326 26711327 26711324 26711325 26711322 26711323 26711272 26711273 26711270 26711271 26711276 26711277 26711274 26711275 26711269 26711268 26711267 26711332 26711331 26711330 26711399 26711389 26711388 26711393 26711394 26711391 26711392 
loginSetup CHE5 CHE5
setupCart CHE5 26711397 26711398 26711395 26711396 26711390 26711244 26711243 26711378 26711377 26711379 26711384 26711385 26711386 26711387 26711380 26711381 26711382 26711383 26711369 26711368 26711367 26711366 26711375 26711376 26711373 26711374 26711371 26711372 26711370 26711320 26711321 26711289 26711420 26711293 26711417 26711292 26711416 26711295 26711415 26711319 26711294 26711414 26711297 26711413 26711296 26711412 26711299 26711411 26711298 26711410 
loginSetup CHE6 CHE6
setupCart CHE6 26711314 26711313 26711312 26711311 26711318 26711317 26711316 26711291 26711419 26711315 26711290 26711418 26711310 26711309 26711404 26711308 26711403 26711406 26711405 26711400 26711402 26711401 26711301 26711300 26711303 26711302 26711305 26711408 26711304 26711407 26711307 26711306 26711409 26711435 26711434 26711433 26711432 26711437 26711436 26711430 26711431 26711422 26711421 26711424 26711423 26711426 26711425 26711428 26711427 26711429 
loginSetup CHE7 CHE7
setupCart CHE7 26747228 26747229 26747226 26747227 26747230 26737967 26737966 26737969 26737968 26737159 26737157 26737139 26737158 26737155 26737156 26737153 26737154 26737151 26737152 26737150 26737141 26737140 26737145 26737144 26737143 26737142 26737149 26737148 26737147 26737146 26742128 26742127 26709499 26741881 26741880 26741844 26741845 26741846 26741847 26741866 26741848 26741867 26741849 26741868 26741869 26741862 26741863 26741864 26741865 26741840 
loginSetup CHE8 CHE8
setupCart CHE8 26741841 26741860 26741842 26741861 26741843 26741857 26741832 26741858 26741855 26741856 26741879 26741877 26741859 26741878 26741875 26741876 26741839 26741850 26741873 26741838 26741874 26741837 26741871 26741836 26741853 26741872 26741835 26741854 26741834 26741851 26741870 26741833 26741852 26717030 26744662 26744663 26744664 26712953 26712952 26712951 26712950 26712957 26712956 26712955 26712954 26712959 26712958 26712960 26712944 26712962 
loginSetup CHE9 CHE9
setupCart CHE9 26712943 26712961 26712964 26712946 26712945 26712963 26712940 26712965 26712942 26712941 26712948 26712947 26712949 26709442 26709443 26709441 26709446 26709447 26709444 26709445 26709450 26709448 26709449 26715682 26715683 26714060 26714056 26714055 26714054 26714053 26714059 26714058 26714057 26741430 26741429 26716618 26747232 26747231 26709226 26709225 26709224 26709223 26709222 26709221 26739257 26739256 26739255 26739254 26739253 26739252 
loginSetup CHE10 CHE10
setupCart CHE10 26739251 26739250 26739246 26739247 26739248 26739249 26735629 26735631 26735630 26735624 26735627 26735628 26735625 26735626 26721461 26748279 26748278 26748277 26716617 26721699 26721695 26721696 26721697 26721698 26721700 26721694 26721693 26721692 26721701 26703586 26703585 26703744 26703742 26703582 26703743 26703584 26703745 26703583 26705735 26705736 26705737 26705738 26705739 26708888 26708887 26705740 26708889 26705742 26708884 26705741
loginSetup CHE11 CHE11
setupCart CHE11 26708883 26708886 26705744 26708885 26705743 26708882 26708881 26705749 26705747 26705748 26705745 26705746 26705754 26705753 26705752 26705751 26705750 26708891 26708890 26733404 26739314 26739313 26739316 26739315 26739355 26739356 26739353 26739354 26739359 26739357 26739358 26739351 26739352 26739350 26739323 26739322 26739321 26739320 26739327 26739326 26739325 26739324 26739364 26739319 26739365 26739366 26739317 26739367 26739318 26739368 
loginSetup CHE12 CHE12
setupCart CHE12 26739369 26739360 26739361 26739362 26739363 26739329 26739328 26739337 26739373 26739338 26739372 26739335 26739371 26739336 26739370 26739333 26739334 26739331 26739332 26739330 26739339 26739346 26739347 26739348 26739349 26739342 26739343 26739344 26739345 26739340 26739341 26742978 26742965 26744799 26744798 26744812 26744813 26744810 26744811 26744800 26744801 26744802 26744803 26744804 26744805 26744806 26744807 26744808 26744814 26744809 
loginSetup CHE13 CHE13
setupCart CHE13 26742107 26743046 26743047 26743048 26743049 26743054 26743053 26743056 26743055 26743050 26743052 26743051 26743059 26743057 26743058 26743067 26743066 26743065 26743064 26743063 26743062 26743061 26743060 26743069 26743068 26743071 26743072 26743073 26743074 26743075 26743076 26743077 26743078 26743034 26743033 26743070 26743037 26743038 26743035 26743036 26743039 26743079 26743041 26743040 26743045 26743080 26743081 26743044 26743043 26743042 
loginSetup CHE14 CHE14
setupCart CHE14 26718131 26718130 26718133 26718132 26718139 26718138 26718129 26718135 26718134 26718137 26718136 26739264 26748518 26736992 26736993 26736984 26736990 26736991 26736989 26736988 26736987 26736986 26736985 26767409 26767399 26767408 26767405 26767404 26767407 26767406 26767401 26767400 26767403 26767402 26767081 26767080 26767083 26767082 26767084 26767079 26767078 26737962 26737963 26737960 26737961 26737965 26737964 26737959 26737958 26737957 
loginSetup CHE15 CHE15
setupCart CHE15 26718028 26718024 26718025 26718026 26718027 26712585 26712586 26712583 26712584 26712581 26712582 26712587 26739047 26739048 26739045 26739046 26739049 26739050 26739051 26739043 26739052 26739053 26739044 26739054 26739041 26739055 26739042 26740072 26718803 26718802 26701201 26733935 26733934 26734284 26744649 26744647 26744648 26744645 26744646 26744643 26744644 26744641 26744642 26744651 26744650 26744638 26744639 26744634 26744652 26744635 
loginSetup CHE16 CHE16
setupCart CHE16 26744653 26744654 26744636 26744655 26744637 26744656 26744630 26744657 26744631 26744658 26744632 26744659 26744633 26744640 26744660 26744661 26688760 26688758 26688759 26707084 26707085 26707082 26707083 26707086 26707069 26707068 26707065 26707064 26707067 26707066 26707081 26707061 26707080 26707060 26707063 26707062 26707071 26707072 26707073 26707074 26707075 26707076 26707077 26707078 26708184 26707079 26708185 26708186 26707059 26707058 
loginSetup CHE17 CHE17
setupCart CHE17 26707057 26707056 26707055 26707054 26707053 26707070 26739393 26736775 26716379 26716447 26716378 26716446 26716445 26716444 26716375 26716443 26716374 26716442 26716377 26716441 26716376 26716440 26716371 26716370 26716373 26716372 26716439 26716437 26716438 26716456 26716369 26716455 26716368 26716458 26716367 26716457 26716366 26716452 26716365 26716451 26716364 26716454 26716363 26716453 26716362 26716361 26716360 26716450 26716448 26716449 
loginSetup CHE18 CHE18
setupCart CHE18 26716353 26716421 26716352 26716420 26716355 26716354 26716357 26716425 26716356 26716424 26716359 26716423 26716358 26716422 26716351 26716350 26716349 26716417 26716418 26716415 26716416 26716419 26716344 26716430 26716343 26716342 26716432 26716341 26716431 26716348 26716434 26716347 26716433 26716346 26716436 26716345 26716435 26716340 26716426 26716427 26716338 26716428 26716339 26716429 26716275 26716276 26716277 26716278 26716501 26716279 
loginSetup CHE19 CHE19
setupCart CHE19 26716502 26716500 26716402 26716403 26716400 26716270 26716401 26716271 26716272 26716273 26716274 26716510 26716511 26716512 26716513 26716411 26716412 26716413 26716414 26716410 26716409 26716408 26716405 26716404 26716407 26716406 26716504 26716503 26716506 26716505 26716508 26716507 26716509 26716390 26716391 26716297 26716392 26716298 26716393 26716299 26716394 26716395 26716293 26716396 26716294 26716397 26716295 26716398 26716296 26716399 
loginSetup CHE20 CHE20
setupCart CHE20 26716290 26716291 26716292 26716519 26716518 26716517 26716516 26716515 26716514 26716380 26716288 26716383 26716289 26716384 26716286 26716381 26716287 26716382 26716284 26716387 26716285 26716388 26716282 26716385 26716283 26716386 26716280 26716281 26716389 26716329 26716328 26716327 26716480 26716481 26716482 26716483 26716488 26716336 26716489 26716337 26716334 26716335 26716484 26716332 26716485 26716333 26716486 26716330 26716487 26716331 
loginSetup CHE21 CHE21
setupCart CHE21 26716317 26716316 26716319 26716318 26716493 26716494 26716491 26716492 26716490 26716323 26716324 26716499 26716325 26716326 26716497 26716498 26716320 26716495 26716321 26716496 26716322 26716308 26716307 26716459 26716306 26716305 26716309 26716460 26716461 26716462 26716310 26716463 26716311 26716464 26716465 26716466 26716314 26716467 26716315 26716468 26716312 26716469 26716313 26716471 26716472 26716470 26716475 26716476 26716473 26716474 
loginSetup CHE22 CHE22
setupCart CHE22 26716300 26716479 26716301 26716302 26716477 26716303 26716478 26716304 26744591 26744592 26744581 26744590 26744595 26744582 26744596 26744583 26744597 26744593 26744584 26744594 26744585 26744589 26744588 26744587 26744586 26734419 26734420 26734418 26745228 26744342 26744343 26744340 26744341 26746228 26746227 26746226 26746225 26746249 26746248 26746247 26746229 26746230 26746231 26746234 26746235 26746232 26746233 26746237 26746236 26746239 
loginSetup CHE23 CHE23
setupCart CHE23 26746238 26746243 26746244 26746245 26746246 26746222 26746240 26746223 26746241 26746224 26746242 26737498 26737499 26737501 26737496 26737500 26737497 26737494 26737495 26737540 26737522 26737541 26737523 26737520 26737521 26737542 26737543 26737538 26737537 26737519 26737536 26737518 26737535 26737517 26737516 26737515 26737514 26737539 26737513 26737510 26737511 26737530 26737512 26737531 26737532 26737533 26737534 26737525 26737507 26737524 
loginSetup CHE24 CHE24
setupCart CHE24 26737506 26737527 26737509 26737526 26737508 26737529 26737503 26737528 26737502 26737505 26737504 26740143 26740142 26740144 26740141 26739122 26714878 26714879 26736817 26736815 26736816 26736813 26736814 26736811 26736812 26736810 26701464 26701465 26701463 26701467 26701466 26701469 26701468 26714104 26714113 26714112 26714115 26714114 26714111 26714110 26714117 26714116 26714109 26714105 26714106 26714107 26714108 26735609 26735590 26735607 
loginSetup CHE25 CHE25
setupCart CHE25 26735608 26735592 26735605 26735591 26735606 26735594 26735603 26735593 26735604 26735596 26735601 26735595 26735602 26735598 26735597 26735600 26735588 26735589 26735618 26735619 26735614 26735615 26735616 26735617 26735610 26735611 26735612 26735613 26735599 26735620 26735623 26735574 26735576 26735621 26735622 26735575 26735587 26735586 26735585 26735584 26735583 26735582 26735581 26735580 26735579 26735577 26735578 26745360 26740399 26740395 
pickAll
