var :che1	0x0000009B
var :che2	0x000001D9

STEP Import Orders
SERVER
setProperty WORKSEQR WorkSequence
deleteOrders 50080375 50080841 50088357 50088506 50088507 50088508 50088509 50088510 50088511 50088512 50088513 50088630 50089167 50089668 50089669 50089670 50089671
deleteOrders 50089672 50089673 50089674 50089675 50089676 50089677 50089678 50089679 50089680 50089681 50090035 50090036 50090037 50090038 50090039 50090040 50090041 
deleteOrders 50090042 50090043 50090044 50090045 50090046 50090047 50090048 50090248 50090251 50090252 50090253 50090255 50090256 50090257 50090259 50090260 50090261
deleteOrders 50090287 50090292 50090293 50090294 50090335 50090342 50090354 50090357 50090363 50090369 50090374 50090377 50090378 50090379 50090381 50090382 50090383 
deleteOrders 50090384 50090385 50090386 50090387 50090388 50090391 50090392 50090393 50090394 50090395 50090396 50090398 50090399 50090400 50090401 50090402 50090403
deleteOrders 50090405 50090410 50090411 50090413 50090414 50090416 50090417 50090418 50090419 50090421 50090438 50090439 50090440 50090441 50090442 50090444 50090445
deleteOrders 50090446 50090448 50090449 50090450 50090451 50090452 50090477 50090478 50090479 50090480 50090481 50090482 50090490 50090491 50090872 50090873 50090874 
deleteOrders 50090875 50090876 50090877 50090878 50090879
importOrders B100000467 
importOrders B100000482 
importOrders B100000487 
importOrders B100000492 
importOrders B100000497 
importOrders B100000502 
importOrders B100000474 
importOrders B100000483 
importOrders B100000488
importOrders B100000493 
importOrders B100000498 
importOrders B100000503 
importOrders B100000479 
importOrders B100000484 
importOrders B100000489 
importOrders B100000494 
importOrders B100000499 
importOrders B100000504 
importOrders B100000480 
importOrders B100000485 
importOrders B100000490 
importOrders B100000495 
importOrders B100000500 
importOrders B100000505 
importOrders B100000481 
importOrders B100000486 
importOrders B100000491 
importOrders B100000496 
importOrders B100000501

STEP
SITE
waitForDevices :che1 :che2
defChe che1 :che1 che2 :che2
logout che1 che2
loginSetup che1 Ilya1
loginSetup che2 Ilya2
//setupCart che1 50080375 50080841 50088357 50088506 50088507 50088508 50088509 50088510 50088511 50088512 50088513 50088630 50089167 50089668 50089669 50089670 50089671 50089672 50089673 50089674 50089675 50089676 50089677 50089678 50089679 50089680 50089681 50090035 50090036 50090037 50090038 50090039 50090040 50090041 50090042 50090043 50090044 50090045 50090046 50090047 50090048 50090248 50090251 50090252 50090253 50090255 50090256 50090257 50090259 50090260 50090261 50090287 50090292 50090293 50090294 50090335 50090342 50090354 50090357 50090363 50090369 50090374 50090377 50090378 50090379 50090381 50090382 50090383
//setupCart che2 50090384 50090385 50090386 50090387 50090388 50090391 50090392 50090393 50090394 50090395 50090396 50090398 50090399 50090400 50090401 50090402 50090403 50090405 50090410 50090411 50090413 50090414 50090416 50090417 50090418 50090419 50090421 50090438 50090439 50090440 50090441 50090442 50090444 50090445 50090446 50090448 50090449 50090450 50090451 50090452 50090477 50090478 50090479 50090480 50090481 50090482 50090490 50090491 50090872 50090873 50090874 50090875 50090876 50090877 50090878 50090879
setupCart che1 50080375 50080841 50088357 50088506 50088507 50088508 50088509 50088510 50088511 50088512 50088513 50088630 50089167 50089668 50089669 50089670 50089671 50089672 50089673 50089674 50089675 50089676 50089677 50089678 50089679 50089680 50089681 50090035 50090036 50090037 50090038 50090039 50090040 50090041 50090042 50090043 50090044 50090045 50090046 50090047 50090048 50090248 50090251 50090252 50090253 50090255 50090256 50090257 50090259 50090260 50090261 50090287 50090292 50090293 50090294 50090335 50090342 50090354 50090357 50090363 50090369 50090374 50090377 50090378 50090379 50090381 50090382 50090383 50090384 50090385 50090386 50090387 50090388 50090391 50090392 50090393 50090394 50090395 50090396 50090398 50090399 50090400 50090401 50090402 50090403 50090405 50090410 50090411 50090413 50090414 50090416 50090417 50090418 50090419 50090421 50090438 50090439 50090440 50090441 50090442 50090444 50090445 50090446 50090448 50090449 50090450 50090451 50090452 50090477 50090478 50090479 50090480 50090481 50090482 50090490 50090491 50090872 50090873 50090874 50090875 50090876 50090877 50090878 50090879
setParams pickSpeed=0 skipFreq=0 shortFreq=0
pick che1
//pickAll
