STEP
SERVER
deleteOrders 26709650 26709652 26709651 26709658 26711458 26709657 26711459 26709659 26709654 26711454 26709653 26711455 26709656 26711456 26709655 26711457 26746897 26711462 26746896 26711461 26746899 26711464 26746898 26711463 26711460 26709663 26709662 26709661 26709660 26711449 26709669 26711447 26709668 26711448 26709667 26711445 26709666 26711446 26709665 26711443 26709664 26711444 26711453 26711452 26711451 26711450 26702194 26709670 26709672 26709671 
deleteOrders 26709674 26709673 26709676 26709675 26709678 26709677 26709679 26709681 26709680 26709685 26709684 26709683 26709682 26709689 26711467 26709688 26711468 26709687 26711465 26709686 26711466 26709697 26711499 26709698 26711498 26709699 26709693 26709694 26709695 26709696 26709690 26709691 26709692 26704200 26704201 26704202 26704203 26704204 26711489 26711488 26711487 26704208 26704207 26704206 26704205 26704209 26704210 26704211 26704214 26704215 
deleteOrders 26704212 26704213 26711496 26711497 26711494 26711495 26711492 26711493 26711490 26711491 26704217 26704216 26704219 26704218 26704223 26704224 26704225 26704226 26704220 26704221 26704222 26704229 26704228 26704227 26704236 26704237 26704234 26704235 26704232 26704233 26704230 26704231 26706383 26746811 26706382 26746810 26706385 26706384 26746815 26704240 26746814 26706381 26746813 26706380 26746812 26746819 26704244 26746818 26704243 26746817 
deleteOrders 26704242 26746816 26704241 26706387 26704248 26706386 26704247 26704246 26706389 26704245 26706388 26704238 26704239 26746820 26706396 26706395 26746822 26706394 26746821 26706393 26706392 26746824 26746823 26706391 26746826 26704251 26706390 26746825 26704250 26704253 26746828 26704252 26746827 26704255 26704254 26746829 26704257 26704256 26706399 26704259 26706398 26704258 26706397 26704249 26704262 26746837 26704261 26746836 26746835 26704260 
deleteOrders 26746834 26746833 26746832 26746831 26746830 26704269 26704268 26704267 26704266 26704265 26704264 26746839 26704263 26746838 26746840 26746846 26704271 26746845 26704270 26746848 26704273 26746847 26704272 26746842 26746841 26746844 26746843 26704279 26704278 26704275 26746849 26704274 26704277 26704276 26746850 26746851 26704287 26704288 26704285 26704286 26704289 26746854 26702140 26746855 26711420 26704280 26746852 26746853 26746858 26704283 
deleteOrders 26746859 26704284 26746856 26704281 26746857 26704282 26711417 26711416 26711415 26711414 26746862 26711413 26746861 26711412 26746860 26711411 26711410 26711419 26711418 26704296 26704297 26704298 26704299 26746863 26746864 26746865 26704290 26746866 26704291 26746867 26704292 26746868 26704293 26746869 26704294 26704295 26711404 26711403 26711406 26711405 26746871 26711400 26746870 26746873 26711402 26746872 26711401 26711408 26711407 26711409 
deleteOrders 26746878 26746879 26746876 26711441 26746877 26711442 26746874 26746875 26711440 26746884 26711435 26746883 26711434 26746882 26711433 26746881 26711432 26746880 26711439 26711438 26711437 26711436 26746889 26746885 26746886 26746887 26711430 26746888 26711431 26746893 26711422 26746892 26711421 26746895 26711424 26746894 26711423 26711426 26711425 26746891 26711428 26746890 26711427 26711429 26767344 26706427 26767343 26706428 26767342 26706429 
deleteOrders 26767341 26767340 26706431 26706430 26767338 26706433 26767339 26706432 26767336 26706435 26767337 26706434 26767334 26706437 26767335 26706436 26706418 26767331 26706419 26767330 26706416 26767333 26706417 26767332 26706422 26706421 26706420 26767329 26706426 26706425 26706424 26706423 26706449 26706451 26706450 26706457 26706456 26706459 26706458 26706453 26706452 26706455 26706454 26706438 26706439 26706440 26706448 26706447 26706446 26706445 
deleteOrders 26706444 26706443 26706442 26706441 26706474 26706475 26706476 26746908 26706477 26746909 26706478 26746906 26706479 26746907 26746904 26746905 26746902 26746903 26746900 26746901 26706470 26706471 26706472 26706473 26706465 26706466 26706463 26706464 26706469 26706467 26706468 26706461 26706462 26706460 26746928 26746929 26746926 26746927 26706496 26706497 26706498 26706499 26746920 26706492 26706493 26746921 26706494 26706495 26746924 26746925 
deleteOrders 26746922 26706490 26746923 26706491 26746915 26746916 26746917 26706489 26746918 26746919 26706487 26706488 26706485 26706486 26706483 26706484 26706481 26706482 26746910 26746911 26706480 26746912 26746913 26746914 26709700 26709702 26709701 26709704 26709703 26709716 26709717 26709718 26709719 26709724 26709723 26709726 26709725 26709720 26709722 26709721 26709709 26709707 26709708 26709705 26709706 26767389 26767395 26767394 26767393 26767392 
deleteOrders 26767399 26767398 26767397 26767396 26709715 26709714 26709713 26709712 26709711 26767391 26709710 26767390 26767379 26767378 26767380 26767385 26767386 26767387 26767388 26767381 26767382 26767383 26767384 26767369 26767368 26767367 26709727 26767376 26767377 26767374 26767375 26767372 26767373 26767370 26767371 26706414 26767357 26706415 26767356 26706412 26767359 26706413 26767358 26706410 26706411 26767360 26767361 26706409 26767362 26706408 
deleteOrders 26767363 26706407 26767364 26767365 26706406 26767366 26706405 26767348 26706401 26706402 26767347 26706403 26767346 26706404 26767345 26706400 26767349 26767350 26767351 26767354 26767355 26767352 26767353 26711355 26711356 26711357 26711358 26711359 26702084 26704301 26702083 26704300 26702082 26704303 26702081 26704302 26702080 26711361 26711360 26702089 26711363 26702088 26711362 26702087 26711365 26702086 26711364 26702085 26711346 26711347 
deleteOrders 26711344 26711345 26711348 26711349 26704308 26704309 26704306 26704307 26704304 26704305 26702093 26704314 26702092 26704313 26702095 26704312 26702094 26704311 26704310 26702091 26702090 26711350 26711354 26702097 26711353 26702096 26711352 26711351 26711337 26711338 26711339 26711333 26711334 26711335 26711336 26702062 26702061 26702060 26711341 26702066 26711340 26702065 26711343 26702064 26711342 26702063 26702069 26702068 26702067 26711328 
deleteOrders 26711329 26711326 26711327 26711324 26711325 26711322 26711323 26702071 26702070 26702073 26702072 26711332 26702075 26711331 26702074 26711330 26702077 26702076 26702079 26702078 26704338 26704337 26704339 26711399 26704344 26704345 26704346 26704347 26704340 26704341 26704342 26704343 26704349 26704348 26711389 26711388 26711393 26711394 26704350 26711391 26711392 26711397 26711398 26711395 26711396 26704357 26704358 26704355 26704356 26704353 
deleteOrders 26711390 26704354 26704351 26704352 26704316 26704315 26704318 26704317 26704319 26711378 26711377 26711379 26711384 26711385 26711386 26711387 26711380 26711381 26711382 26711383 26704320 26704321 26704322 26704323 26704324 26704325 26704329 26704328 26704327 26704326 26711369 26711368 26711367 26711366 26711375 26711376 26711373 26711374 26711371 26711372 26711370 26704331 26704332 26704330 26704335 26704336 26704333 26704334 26704389 26704388 
deleteOrders 26704387 26704386 26704385 26704384 26746959 26702002 26704383 26746958 26702001 26704382 26746957 26702004 26704381 26746956 26702003 26704380 26746955 26746954 26746953 26702000 26746952 26746951 26746960 26746961 26704399 26704396 26704395 26704398 26704397 26702015 26704392 26746967 26702014 26704391 26746966 26702013 26704394 26746969 26702012 26704393 26746968 26702011 26746963 26702010 26746962 26704390 26746965 26746964 26746970 26702009 
deleteOrders 26746971 26746972 26702007 26702008 26702005 26702006 26704365 26746939 26704364 26746938 26704363 26746937 26704362 26704369 26704368 26704367 26704366 26746932 26746931 26746930 26746936 26704361 26746935 26704360 26746934 26746933 26704359 26746949 26704374 26746948 26704373 26704376 26704375 26704378 26704377 26704379 26746941 26746940 26746943 26746942 26746945 26704370 26746944 26746947 26704372 26746946 26704371 26746950 26702045 26702046 
deleteOrders 26702047 26746999 26702048 26702041 26711320 26746997 26702042 26711321 26746998 26702043 26746995 26702044 26746996 26702040 26711319 26711314 26711313 26711312 26711311 26702039 26711318 26702038 26711317 26711316 26711315 26702058 26702059 26702056 26702057 26702054 26702055 26702052 26702053 26711310 26702050 26702051 26711309 26711308 26711301 26711300 26711303 26711302 26711305 26711304 26711307 26702049 26711306 26746975 26702020 26746976 
deleteOrders 26702021 26746973 26702022 26746974 26702023 26746979 26702024 26702025 26746977 26702026 26746978 26702017 26702016 26702019 26702018 26746983 26746982 26746981 26746980 26702032 26746984 26702033 26746985 26702030 26746986 26702031 26746987 26702036 26746988 26702037 26746989 26702034 26702035 26702029 26702028 26746990 26702027 26746992 26746991 26746994 26746993 26706578 26706577 26706579 26706574 26706573 26706576 26706575 26706570 26706572 
deleteOrders 26706571 26767430 26706559 26767432 26767431 26767422 26706569 26767423 26706568 26767424 26706567 26767425 26706566 26706565 26767426 26706564 26767427 26706563 26767428 26706562 26767429 26706561 26706560 26706548 26706549 26706552 26706551 26706554 26706553 26706556 26706555 26706558 26706557 26706550 26706539 26706537 26706538 26706543 26706542 26706541 26706540 26706547 26706546 26706545 26706544 26767420 26767421 26706590 26706591 26706592 
deleteOrders 26706593 26767419 26706594 26767418 26706595 26767417 26706596 26767416 26706597 26767415 26706598 26767414 26706599 26767413 26767412 26767411 26767410 26706582 26767409 26706583 26767408 26706580 26706581 26706586 26767405 26706587 26767404 26706584 26767407 26706585 26767406 26767401 26767400 26767403 26706588 26767402 26706589 26706535 26706536 26767477 26706533 26706534 26767479 26706531 26706532 26706530 26706529 26767484 26706528 26706527 
deleteOrders 26706526 26706522 26706523 26706524 26706525 26706520 26706521 26706519 26706516 26706515 26767473 26706518 26706517 26706510 26706513 26706514 26706511 26706512 26706507 26706506 26706505 26706504 26706509 26706508 26706500 26706501 26706502 26767488 26706503 26767498 26767493 26767491 26746698 26711263 26746699 26711264 26711265 26711266 26711260 26711261 26711262 26711257 26711256 26711259 26711258 26711254 26711255 26711252 26711253 26711250 
deleteOrders 26711251 26711249 26711248 26711247 26711246 26711245 26711280 26711281 26711282 26711283 26711284 26711285 26711286 26711287 26711288 26711279 26767190 26711278 26767191 26767192 26767193 26767198 26767199 26767194 26767195 26767196 26767197 26711272 26711273 26711270 26711271 26711276 26711277 26711274 26711275 26711269 26711268 26711267 26746655 26746654 26746657 26746656 26746659 26746658 26746660 26746661 26746662 26746663 26746664 26746668 
deleteOrders 26746667 26746666 26746665 26746669 26746670 26746671 26746674 26746675 26746672 26746673 26746677 26711242 26746676 26746679 26711244 26746678 26711243 26746683 26746684 26746685 26746686 26746680 26746681 26746682 26746689 26746688 26746687 26746696 26746697 26746694 26746695 26746692 26746693 26746690 26746691 26746620 26704045 26704046 26704043 26746618 26704044 26746619 26704049 26706188 26706189 26704047 26704048 26746612 26706184 26746613 
deleteOrders 26706185 26746610 26706186 26746611 26706187 26704041 26746616 26706180 26704042 26746617 26706181 26746614 26706182 26704040 26746615 26706183 26706190 26746631 26746630 26746629 26704054 26704055 26704056 26704057 26704058 26704059 26706199 26706197 26746621 26706198 26746622 26706195 26746623 26706196 26746624 26706193 26704050 26746625 26706194 26746626 26704051 26706191 26746627 26704052 26706192 26746628 26704053 26746642 26746641 26746640 
deleteOrders 26704069 26704067 26704068 26704065 26704066 26704063 26746638 26704064 26746639 26746636 26704061 26704062 26746637 26746634 26746635 26704060 26746632 26746633 26746651 26746650 26746653 26746652 26704076 26704077 26704078 26704079 26704072 26746647 26704073 26746648 26704074 26746649 26704075 26746643 26746644 26704070 26746645 26704071 26746646 26706141 26706140 26706143 26706142 26704002 26706149 26704001 26706148 26704000 26704006 26706145 
deleteOrders 26704005 26706144 26704004 26706147 26704003 26706146 26704007 26704008 26704009 26706154 26706153 26706152 26706151 26706150 26704011 26704010 26704013 26704012 26706159 26704015 26706158 26704014 26706157 26704017 26706156 26704016 26706155 26704018 26704019 26704020 26706161 26706160 26706163 26706162 26706165 26706164 26704028 26706167 26704027 26706166 26704026 26706169 26704025 26706168 26704024 26704023 26704022 26704021 26704029 26746604 
deleteOrders 26706172 26746603 26706171 26704031 26746606 26706170 26704030 26746605 26746600 26706176 26706175 26746602 26706174 26746601 26706173 26704037 26704036 26706179 26704039 26706178 26704038 26706177 26704033 26746608 26704032 26746607 26704035 26704034 26746609 26706232 26706233 26706234 26706235 26706236 26706237 26706238 26706239 26706230 26706231 26706229 26706223 26706224 26706221 26706222 26706227 26706228 26706225 26706226 26706220 26706219 
deleteOrders 26706218 26706258 26706259 26706254 26706255 26706256 26706257 26706250 26706251 26706252 26706253 26706249 26706247 26706248 26706245 26706246 26706243 26706244 26706241 26706242 26706240 26767102 26767101 26767100 26706215 26706214 26706217 26706216 26706211 26706210 26706213 26706212 26706207 26706208 26706209 26706206 26706205 26706204 26706203 26706202 26706201 26706200 26767143 26767144 26767145 26767146 26767140 26767141 26767142 26767137 
deleteOrders 26767136 26767139 26767138 26767134 26767135 26767132 26767133 26767130 26767131 26767129 26767128 26767127 26767126 26767125 26767120 26767121 26767122 26767123 26767124 26767115 26767114 26767117 26767116 26767119 26767118 26767112 26767113 26767110 26767111 26767106 26767105 26767104 26767103 26767109 26767108 26767107 26767188 26767187 26767189 26767184 26767183 26767186 26767185 26767180 26711289 26767182 26767181 26711293 26711292 26711295 
deleteOrders 26711294 26711297 26711296 26711299 26711298 26711291 26711290 26767179 26767178 26767177 26767176 26767175 26767174 26767173 26767172 26767171 26767170 26767169 26767162 26767161 26767164 26767163 26767166 26767165 26767168 26767167 26767160 26767158 26767159 26767153 26767152 26767151 26767150 26767157 26767156 26767155 26767154 26767149 26767147 26767148 26704102 26704103 26704104 26704105 26704100 26704101 26704115 26704116 26704113 26704114 
deleteOrders 26704111 26704112 26704110 26704109 26704108 26704107 26704106 26746798 26746797 26746799 26746776 26746775 26746778 26746777 26746779 26746780 26746781 26746782 26746783 26746784 26746785 26746789 26746788 26746787 26746786 26746791 26746792 26746790 26746795 26746796 26746793 26746794 26746763 26746762 26746761 26746760 26746759 26704184 26704185 26746757 26704182 26746758 26704183 26746755 26704180 26746756 26704181 26746753 26746754 26704188 
deleteOrders 26704189 26704186 26704187 26746772 26746771 26746774 26746773 26746770 26746768 26704193 26746769 26704194 26704195 26704196 26746764 26746765 26704190 26746766 26704191 26746767 26704192 26704197 26704198 26704199 26746741 26746740 26746733 26746734 26746731 26746732 26746737 26704162 26746738 26704163 26746735 26704160 26746736 26704161 26704166 26704167 26746739 26704164 26704165 26704168 26704169 26746750 26746752 26746751 26746742 26746743 
deleteOrders 26746744 26746745 26704170 26746746 26704171 26746747 26704172 26746748 26704173 26746749 26704174 26704175 26704176 26704177 26704178 26704179 26704139 26704149 26706288 26704148 26706287 26704147 26704146 26706289 26704145 26746719 26704144 26746718 26704143 26746717 26704142 26746716 26704141 26706280 26746715 26704140 26746714 26706282 26746713 26706281 26746712 26706284 26746711 26706283 26746710 26706286 26706285 26746730 26704158 26704157 
deleteOrders 26706299 26706298 26704159 26746729 26704154 26746728 26704153 26704156 26704155 26706293 26746725 26704150 26706292 26746724 26706291 26746727 26704152 26706290 26746726 26704151 26706297 26746721 26706296 26746720 26706295 26746723 26706294 26746722 26704119 26704117 26704118 26704123 26704122 26706269 26704121 26704120 26704127 26706266 26704126 26706265 26704125 26706268 26704124 26706267 26706262 26706261 26706264 26706263 26706260 26704128 
deleteOrders 26704129 26746707 26704132 26746706 26704131 26746709 26704134 26746708 26704133 26704136 26706279 26704135 26706278 26704138 26706277 26704137 26706276 26706275 26706274 26746701 26706273 26746700 26706272 26746703 26706271 26746702 26706270 26746705 26704130 26746704 26706371 26706372 26746800 26706373 26706374 26746803 26746804 26746801 26706370 26746802 26706379 26746807 26746808 26746805 26746806 26706375 26706376 26706377 26746809 26706378 
deleteOrders 26706362 26706363 26706360 26706361 26706368 26706369 26706366 26706367 26706364 26706365 26706350 26706351 26706352 26706353 26706354 26706355 26706356 26706357 26706358 26706359 26706340 26706341 26706344 26706345 26706342 26706343 26706348 26706349 26706346 26706347 26706339 26706336 26706335 26706338 26706337 26706332 26706331 26706334 26706333 26706330 26767201 26706328 26767200 26706329 26706327 26706326 26706325 26706324 26706323 26706322 
deleteOrders 26706321 26706320 26706319 26706317 26706318 26706310 26767219 26706312 26767217 26706311 26767218 26706314 26767215 26706313 26767216 26704099 26706316 26767213 26704098 26706315 26767214 26704097 26704096 26704095 26704094 26704093 26704092 26704091 26704090 26706306 26767223 26706307 26767222 26706308 26767221 26706309 26767220 26706301 26767206 26706300 26767207 26767208 26767209 26704088 26706305 26767202 26704087 26706304 26767203 26706303 
deleteOrders 26767204 26704089 26706302 26767205 26704084 26704083 26704086 26704085 26704080 26704082 26704081 26767210 26767212 26767211 26767240 26767241 26767242 26767243 26767244 26767245 26767236 26767235 26767238 26767237 26767239 26767230 26767233 26767234 26767231 26767232 26767227 26767226 26767225 26767224 26767229 26767228 26767264 26767265 26767266 26767267 26767260 26767261 26767262 26767263 26767258 26767257 26767259 26767255 26767256 26767253 
deleteOrders 26767254 26767251 26767252 26767250 26767249 26767248 26767247 26767246 26767281 26767280 26767279 26767270 26767274 26767273 26767272 26767271 26767278 26767277 26767276 26767275 26767268 26767269 26702596 26709264 26709265 26709266 26709267 26709260 26709261 26709262 26709263 26709268 26709269 26709255 26709256 26709253 26709254 26709251 26709252 26709250 26709259 26709257 26709258 26709281 26709280 26709282 26709283 26709284 26709285 26709286 
deleteOrders 26709287 26709288 26709289 26709270 26709273 26709274 26709271 26709272 26709277 26709278 26709275 26709276 26709279 26709291 26709292 26709290 26709299 26709298 26709297 26709296 26709295 26709294 26709293 26746409 26746406 26746405 26746408 26746407 26746402 26746401 26746404 26746403 26746410 26746411 26746400 26746433 26746432 26746431 26746430 26746425 26746426 26746423 26746424 26746429 26746427 26746428 26746420 26746422 26746421 26746412 
deleteOrders 26746413 26746414 26746415 26746416 26746417 26746418 26746419 26709200 26709201 26746455 26709204 26746454 26709205 26746453 26709202 26746452 26709203 26746451 26709208 26746450 26709209 26709206 26709207 26746449 26746447 26746448 26746445 26746446 26746442 26746441 26746444 26746443 26746440 26746438 26746439 26746434 26746435 26746436 26746437 26746472 26746473 26709229 26746470 26709228 26746471 26709227 26746476 26746477 26709226 26746474 
deleteOrders 26709225 26746475 26709224 26709223 26709222 26709221 26709220 26746469 26746468 26746467 26709218 26746460 26709217 26746461 26746462 26709219 26746463 26709214 26746464 26709213 26746465 26709216 26746466 26709215 26709210 26709212 26709211 26746457 26746456 26746459 26746458 26709249 26706809 26746498 26709248 26746499 26709247 26746496 26709246 26746497 26746494 26746495 26746492 26746493 26709241 26706801 26746490 26709240 26706802 26746491 
deleteOrders 26706803 26706804 26709245 26706805 26709244 26706806 26682800 26709243 26706807 26709242 26706808 26706811 26706810 26746489 26709236 26746485 26709235 26746486 26709238 26746487 26709237 26746488 26746481 26709239 26746482 26746483 26746484 26709230 26746480 26709232 26709231 26709234 26709233 26682816 26706800 26746479 26746478 26716379 26716378 26716375 26716374 26716377 26716376 26716371 26716370 26716373 26716372 26706820 26706821 26706822 
deleteOrders 26706813 26706812 26706815 26706814 26706817 26706816 26706819 26706818 26716369 26716368 26716367 26716366 26716365 26716364 26716363 26716362 26716361 26716360 26706832 26706833 26706830 26706831 26706826 26706825 26706824 26706823 26706829 26706828 26706827 26716353 26716352 26716355 26716354 26716357 26716356 26716359 26716358 26706841 26706842 26706843 26706844 26716351 26706840 26716350 26706839 26706838 26706835 26706834 26706837 26706836 
deleteOrders 26716349 26716344 26716343 26716342 26716341 26716348 26716347 26716346 26716345 26706854 26706855 26706852 26706853 26706850 26716340 26706851 26706849 26706848 26706847 26706846 26706845 26716338 26716339 26706860 26706862 26706861 26706864 26706863 26706866 26706865 26706856 26706857 26706858 26706859 26706873 26706872 26706871 26706870 26706877 26706876 26706875 26706874 26706869 26706867 26706868 26706886 26706885 26706888 26716390 26706887 
deleteOrders 26716391 26706882 26716392 26706881 26716393 26706884 26716394 26706883 26716395 26716396 26716397 26706880 26716398 26716399 26706878 26706879 26706899 26706898 26716380 26706897 26706896 26706895 26716383 26706894 26716384 26706893 26716381 26706892 26716382 26706891 26716387 26706890 26716388 26716385 26716386 26716389 26706889 26702518 26716329 26716328 26716327 26716336 26716337 26716334 26716335 26716332 26716333 26716330 26716331 26716317 
deleteOrders 26716316 26716319 26716318 26716323 26716324 26716325 26716326 26716320 26716321 26716322 26716308 26716307 26716306 26716305 26716309 26716310 26716311 26716314 26702564 26716315 26716312 26716313 26716300 26716301 26716302 26716303 26716304 26702498 26709391 26709390 26709394 26709395 26709392 26709393 26709398 26709399 26709396 26709397 26709380 26709389 26709385 26709386 26709387 26709388 26709381 26709382 26709383 26709384 26709378 26709379 
deleteOrders 26709376 26709377 26709374 26709375 26709372 26709373 26709370 26709371 26746527 26746526 26746529 26746528 26746523 26746522 26746525 26746524 26746530 26746531 26746532 26746518 26746517 26746516 26746515 26746514 26746513 26746512 26746511 26746519 26746520 26746521 26746501 26746500 26746503 26746502 26746505 26746504 26746507 26746506 26746509 26746508 26746510 26709325 26746576 26709326 26746575 26709323 26746574 26709324 26746573 26709329 
deleteOrders 26746572 26746571 26709327 26746570 26709328 26709321 26709322 26709320 26746568 26746569 26746566 26746567 26709312 26746563 26709313 26746562 26709314 26746565 26709315 26746564 26709316 26709317 26709318 26746561 26709319 26746560 26709310 26709311 26746559 26709309 26746555 26746556 26746557 26746558 26709307 26746550 26709308 26709305 26709306 26709303 26746554 26709304 26746553 26709301 26746552 26709302 26746551 26709300 26746546 26746547 
deleteOrders 26746544 26746545 26746548 26746549 26746541 26746540 26746543 26746542 26746533 26746534 26746535 26746536 26746537 26746538 26746539 26709362 26706922 26709361 26706923 26709360 26706924 26706925 26709366 26706926 26709365 26706927 26709364 26706928 26709363 26706929 26709369 26709368 26709367 26706930 26706932 26706931 26706913 26706914 26709351 26706911 26709350 26706912 26709353 26706917 26709352 26706918 26709355 26706915 26709354 26706916 
deleteOrders 26709357 26709356 26709359 26706919 26709358 26746599 26706921 26706920 26706904 26709344 26706905 26709343 26706906 26709342 26706907 26709341 26706900 26709340 26706901 26746590 26706902 26706903 26746593 26746594 26746591 26709349 26746592 26709348 26706908 26746597 26709347 26706909 26746598 26709346 26746595 26709345 26746596 26746589 26746588 26706910 26709331 26709330 26709333 26709332 26709339 26746580 26709338 26746581 26746582 26746583 
deleteOrders 26709335 26746584 26746585 26709334 26746586 26709337 26746587 26709336 26746578 26746577 26746579 26706962 26706963 26706964 26706965 26706960 26706961 26744377 26744378 26744379 26744385 26744384 26744387 26744386 26744381 26744380 26744383 26744382 26706959 26706956 26706955 26706958 26706957 26706975 26706976 26706973 26706974 26706971 26706972 26706970 26744388 26744389 26744398 26744397 26744396 26744395 26744394 26744393 26744392 26744391 
deleteOrders 26744390 26706969 26706968 26706967 26706966 26716250 26716252 26716251 26706940 26706941 26706942 26706943 26716258 26744355 26716257 26744356 26744357 26716259 26744358 26716254 26744359 26716253 26716256 26716255 26744361 26744360 26744363 26744362 26744365 26744364 26706934 26706933 26706936 26706935 26706938 26682833 26706937 26682834 26706939 26706950 26682826 26706953 26706954 26706951 26706952 26744368 26716249 26744369 26716248 26744366 
deleteOrders 26716247 26744367 26716246 26716245 26716244 26716243 26744372 26744371 26744370 26744376 26744375 26744374 26744373 26706947 26706946 26706945 26706944 26706949 26706948 26716275 26716276 26716277 26716278 26716279 26716270 26716271 26716272 26716273 26716274 26706999 26716260 26716261 26709405 26709404 26709407 26709406 26709401 26709400 26709403 26709402 26744399 26716297 26716298 26716299 26716293 26706981 26716294 26706980 26716295 26706983 
deleteOrders 26716296 26706982 26706985 26716290 26706984 26716291 26706987 26716292 26706986 26706977 26706978 26706979 26716288 26706990 26716289 26716286 26716287 26716284 26706994 26716285 26706993 26716282 26706992 26716283 26706991 26716280 26706998 26716281 26706997 26706996 26706995 26706988 26706989 26744310 26744309 26744342 26744343 26744340 26744341 26744339 26744338 26744337 26744336 26744335 26744334 26744333 26744351 26744352 26744353 26744354 
deleteOrders 26744350 26744349 26744348 26744345 26702452 26744344 26744347 26744346 26744320 26744321 26744314 26744313 26744312 26744311 26744318 26744317 26744316 26744315 26744319 26744330 26744331 26744332 26744323 26744322 26744325 26744324 26744327 26744326 26744329 26744328 26702387 26709497 26709498 26709495 26709496 26709493 26709494 26709491 26709492 26709499 26702342 26709490 26746228 26746227 26746226 26746225 26746229 26746230 26746231 26709469 
deleteOrders 26746234 26709468 26746235 26709467 26746232 26709466 26746233 26709465 26709464 26709463 26709462 26709461 26709460 26746215 26746214 26746217 26746216 26746219 26746218 26709459 26746220 26746221 26709456 26709455 26746222 26709458 26746223 26709457 26746224 26709452 26709451 26709454 26709453 26709450 26746249 26746248 26746247 26746256 26746257 26746254 26709489 26746255 26709488 26746252 26746253 26746250 26746251 26709483 26709482 26709481 
deleteOrders 26709480 26709487 26709486 26709485 26709484 26746237 26746236 26746239 26746238 26709478 26746243 26709477 26746244 26746245 26709479 26746246 26746240 26746241 26746242 26709470 26709472 26709471 26709474 26709473 26709476 26709475 26709419 26709420 26709421 26709428 26709429 26709426 26709427 26709424 26709425 26709422 26709423 26709409 26709408 26709410 26709415 26709416 26709417 26709418 26709411 26709412 26709413 26709414 26746209 26746207 
deleteOrders 26746208 26746205 26746206 26746203 26746204 26709442 26709443 26709440 26709441 26746213 26709446 26746212 26709447 26746211 26709444 26746210 26709445 26709448 26709449 26709430 26709431 26709432 26709433 26746200 26709434 26709435 26746202 26709436 26746201 26709437 26709438 26709439 26706614 26706615 26706616 26706617 26706618 26706619 26706620 26706622 26706621 26706624 26706623 26709500 26709502 26709501 26709504 26709503 26709506 26709505 
deleteOrders 26706627 26706628 26706625 26706626 26706629 26706631 26706630 26706635 26706634 26706633 26706632 26709517 26709516 26709515 26709514 26709513 26709512 26709511 26709510 26706636 26706637 26706638 26706639 26706644 26706643 26706646 26706645 26706640 26706642 26706641 26709509 26709507 26709508 26709526 26709525 26709528 26709527 26709522 26709521 26709524 26709523 26709520 26706649 26706647 26706648 26706657 26706656 26706655 26706654 26706653 
deleteOrders 26706652 26706651 26706650 26709518 26709519 26746260 26746268 26746267 26746266 26746265 26746264 26746263 26746262 26746261 26746258 26746259 26746271 26746270 26746277 26746276 26746279 26746278 26746273 26746272 26746275 26746274 26746269 26746282 26746281 26746280 26746286 26746285 26746284 26746283 26746289 26746288 26746287 26706600 26706601 26706602 26706609 26706608 26706607 26746291 26706606 26746290 26706605 26746293 26706604 26746292 
deleteOrders 26706603 26746295 26746294 26746297 26746296 26746299 26746298 26706612 26706613 26706610 26706611 26767525 26767521 26767522 26767523 26767524 26767503 26702320 26767520 26706660 26706663 26706664 26706661 26706662 26706667 26706668 26706665 26706666 26706659 26706658 26706670 26706671 26706672 26706673 26706674 26706675 26706676 26706677 26706678 26706679 26706669 26706681 26706682 26706680 26706689 26706687 26706688 26706685 26706686 26706683 
deleteOrders 26706684 26706690 26706691 26706692 26706693 26706698 26706699 26706694 26706695 26706696 26706697 26702284 26702270 26702231 26746369 26746368 26746370 26746377 26746378 26746375 26746376 26746373 26746374 26746371 26746372 26746358 26746357 26746359 26709591 26709590 26709593 26709592 26709595 26709594 26709597 26709596 26709599 26746364 26709598 26746365 26746366 26746367 26746360 26746361 26746362 26746363 26746349 26746348 26746347 26746346 
deleteOrders 26709586 26709585 26709584 26709583 26709582 26709581 26709580 26746351 26746352 26746350 26746355 26709589 26746356 26709588 26746353 26709587 26746354 26746336 26746335 26746338 26746337 26746339 26709573 26709572 26709575 26709574 26709571 26709570 26746340 26746341 26709577 26746342 26709576 26746343 26709579 26746344 26709578 26746345 26746328 26746329 26746326 26746327 26746324 26746325 26746334 26709567 26746333 26709568 26746332 26709565 
deleteOrders 26746331 26709566 26746330 26709569 26709560 26709563 26709564 26709561 26709562 26746317 26746318 26746319 26746313 26746314 26746315 26746316 26746321 26709554 26746320 26709555 26746323 26709556 26746322 26709557 26709558 26709559 26709550 26709551 26709552 26709553 26746304 26746305 26746302 26746303 26746308 26746309 26746306 26746307 26709549 26709547 26709548 26746312 26709545 26746311 26709546 26746310 26709543 26709544 26709541 26709542 
deleteOrders 26709540 26709529 26709536 26709537 26709538 26709539 26709532 26709533 26746301 26709534 26746300 26709535 26709530 26709531 26709630 26706757 26706758 26706759 26709638 26709637 26709636 26709635 26709634 26709633 26709632 26709631 26716033 26716034 26716035 26716036 26716037 26716038 26709628 26716039 26709629 26706765 26706764 26706767 26706766 26706761 26706760 26716030 26706763 26716031 26706762 26716032 26709641 26709640 26706768 26706769 
deleteOrders 26709647 26709646 26709649 26716019 26709648 26709643 26709642 26709645 26709644 26706770 26716024 26716025 26716022 26716023 26716028 26709639 26716029 26716026 26716027 26706778 26706777 26706776 26706775 26706774 26716020 26706773 26716021 26706772 26706771 26706735 26706736 26706737 26706738 26706739 26709612 26709611 26709610 26709616 26709615 26709614 26709613 26709608 26709609 26709606 26709607 26706741 26706740 26706743 26706742 26706745 
deleteOrders 26706744 26706748 26706749 26706746 26706747 26709621 26709620 26709623 26709622 26709625 26709624 26709627 26709626 26709617 26709618 26709619 26706752 26706751 26706750 26716040 26716041 26706756 26706755 26706754 26706753 26706718 26706717 26706719 26706714 26706713 26706716 26706715 26706720 26706721 26706722 26706723 26709602 26709603 26709604 26709605 26709600 26709601 26706729 26706728 26706727 26706726 26706725 26706724 26706733 26706734 
deleteOrders 26706731 26706732 26706730 26746389 26746388 26746387 26746386 26746385 26716008 26746384 26716009 26746383 26746382 26746381 26746380 26716010 26706700 26706701 26716016 26716015 26716018 26716017 26716012 26716011 26716014 26746379 26716013 26746398 26746397 26746399 26746394 26746393 26746396 26746395 26746390 26706705 26706704 26746392 26706703 26746391 26706702 26706709 26706708 26706707 26706706 26706711 26706712 26706710 26716007 26716006 
importOrders orders_3500
