loginSetup CHE1 CHE1
loginSetup CHE2 CHE2
loginSetup CHE3 CHE3
loginSetup CHE4 CHE4
loginSetup CHE5 CHE5
loginSetup CHE6 CHE6
loginSetup CHE7 CHE7
loginSetup CHE8 CHE8
loginSetup CHE9 CHE9
loginSetup CHE10 CHE10
loginSetup CHE11 CHE11
loginSetup CHE12 CHE12
loginSetup CHE13 CHE13
loginSetup CHE14 CHE14
loginSetup CHE15 CHE15
loginSetup CHE16 CHE16
loginSetup CHE17 CHE17
loginSetup CHE18 CHE18
loginSetup CHE19 CHE19
loginSetup CHE20 CHE20
setupMany start
setupCart CHE1 26703742 26711263 26711264 26711265 26711266 26711260 26711261 26711262 26739047 26739048 26739045 26739046 26711257 26711256 26739049 26711259 26711258 26739043 26739044 26739041 26739042 26737962 26737963 26737960 26737961 26711254 26711255 26711252 26711253 26711250 26711251 26711249 26711248 26711247 26711246 26711245 26737959 26737958 26737957 26735629 26711280 26711281 26735624 26711282 26711283 26711284 26735627 26711285 26735628 26711286 
setupCart CHE2 26735625 26711287 26735626 26711288 26711279 26711278 26735631 26735630 26737965 26737964 26737967 26737966 26737969 26737968 26716571 26711272 26711273 26711270 26711271 26711276 26711277 26711274 26711275 26748518 26711269 26711268 26711267 26736984 26716501 26716502 26716500 26736992 26736993 26716510 26736990 26716511 26736991 26716512 26716513 26705749 26705747 26705748 26709499 26705745 26705746 26705754 26705753 26705752 26705751 26705750 
setupCart CHE3 26744800 26744801 26744802 26716504 26744803 26716503 26744804 26716506 26744805 26716505 26736989 26744806 26716508 26736988 26744807 26716507 26736987 26744808 26736986 26744809 26716509 26736985 26711244 26711243 26705735 26737725 26705736 26718668 26705737 26705738 26715682 26705739 26715683 26744812 26744813 26705740 26744810 26744811 26705742 26705741 26705744 26705743 26716519 26716518 26716517 26716516 26716515 26744814 26716514 26715677 
setupCart CHE4 26718028 26715676 26715675 26715674 26718024 26718025 26718026 26718027 26703744 26703743 26703745 26712587 26712585 26712586 26712583 26712584 26712581 26712582 26704259 26718803 26718802 26709450 26742176 26707458 26707457 26707459 26740072 26707463 26707462 26707461 26707460 26707467 26707466 26707465 26707464 26707469 26707468 26709226 26709225 26709224 26709223 26709222 26711420 26709221 26711417 26742107 26711416 26711415 26711414 26711413 
setupCart CHE5 26711412 26711411 26711410 26711419 26711418 26711404 26711403 26711406 26711405 26711400 26711402 26711401 26711408 26711407 26711409 26711435 26711434 26711433 26711432 26742129 26709442 26742128 26709443 26742127 26711437 26711436 26709441 26709446 26709447 26709444 26709445 26709448 26709449 26708184 26708185 26711430 26708186 26711431 26711422 26711421 26711424 26711423 26711426 26711425 26711428 26711427 26711429 26716379 26721526 26716378 
setupCart CHE6 26721525 26741881 26741880 26716375 26716374 26716377 26716376 26716371 26716370 26716373 26716372 26721527 26716369 26716368 26716367 26716366 26716365 26716364 26716363 26716362 26716361 26716360 26716353 26716352 26716355 26716354 26767081 26716357 26767080 26716356 26767083 26716359 26767082 26716358 26767084 26716351 26716350 26716349 26716344 26716343 26716342 26716341 26716348 26716347 26716346 26716345 26716340 26767079 26767078 26716338 
setupCart CHE7 26716339 26701201 26711622 26711621 26711620 26711623 26718129 26718131 26718130 26718133 26718132 26718139 26718138 26718135 26718134 26718137 26718136 26747228 26747229 26716390 26747226 26716391 26747227 26716392 26716393 26716394 26716395 26716396 26716397 26716398 26716399 26747232 26747231 26747230 26716380 26711617 26716383 26711616 26716384 26711619 26716381 26711618 26716382 26716387 26716388 26711615 26716385 26716386 26716389 26709073 
setupCart CHE8 26709074 26709075 26717030 26709070 26736775 26709072 26709071 26744799 26744798 26709059 26741430 26709058 26709068 26709069 26709066 26739246 26709067 26739247 26709064 26741429 26739248 26709065 26739249 26709062 26709063 26741832 26709061 26709060 26767399 26741839 26741838 26741837 26741836 26741835 26741834 26741833 26712953 26712952 26712951 26712950 26712957 26739257 26712956 26739256 26716329 26712955 26739255 26716328 26712954 26739254 
setupCart CHE9 26716327 26739253 26711289 26739252 26712959 26739251 26712958 26739250 26741844 26711293 26741845 26711292 26741846 26711295 26741847 26711294 26741848 26711297 26741849 26711296 26711299 26711298 26716336 26716337 26716334 26716335 26741840 26716332 26712960 26741841 26716333 26741842 26711291 26716330 26741843 26711290 26716331 26712962 26703586 26712961 26703585 26712964 26712963 26703582 26712965 26703584 26703583 26739264 26741857 26741858 
setupCart CHE10 26741855 26741856 26741859 26741850 26741853 26741854 26741851 26741852 26741866 26741867 26741868 26741869 26741862 26741863 26741864 26741865 26741860 26741861 26712944 26712943 26712946 26712945 26712940 26712942 26712941 26712948 26712947 26712949 26741879 26741877 26733404 26741878 26741875 26741876 26741873 26741874 26741871 26741872 26741870 26711355 26716447 26711356 26716446 26711357 26716445 26711358 26716444 26711359 26716443 26716442 
setupCart CHE11 26716441 26716440 26688758 26688759 26688760 26711361 26711360 26711363 26716439 26711362 26711365 26716437 26711364 26716438 26711346 26716456 26711347 26716455 26711344 26716458 26711345 26716457 26716452 26716451 26711348 26716454 26711349 26716453 26707500 26716450 26707502 26707501 26707504 26707503 26711350 26711354 26716448 26711353 26716449 26711352 26711351 26711337 26716421 26711338 26716420 26711339 26711333 26716425 26711334 26716424 
setupCart CHE12 26711335 26716423 26716618 26711336 26716422 26716617 26708888 26708887 26708889 26708884 26708883 26708886 26708885 26711341 26716417 26711340 26716418 26708882 26711343 26716415 26708881 26711342 26716416 26716419 26711328 26716430 26711329 26711326 26716432 26711327 26716431 26711324 26716434 26711325 26716433 26711322 26716436 26711323 26716435 26711332 26716426 26711331 26716427 26739050 26708891 26711330 26716428 26739051 26708890 26716429 
setupCart CHE13 26739052 26739053 26739054 26739055 26742978 26716402 26711399 26716403 26716400 26716401 26749380 26749384 26749383 26749382 26749381 26716411 26716412 26711389 26716413 26711388 26716414 26716410 26711393 26716409 26711394 26716408 26711391 26711392 26749379 26711397 26716405 26749378 26711398 26716404 26711395 26716407 26711396 26716406 26711390 26711378 26711377 26711379 26711384 26711385 26711386 26711387 26711380 26711381 26711382 26711383 
setupCart CHE14 26715535 26715536 26715537 26737159 26737157 26737158 26715534 26737155 26737156 26737153 26737154 26737151 26737152 26737150 26711369 26711368 26711367 26711366 26711375 26711376 26711373 26711374 26711371 26711372 26711370 26737139 26737141 26737140 26737145 26737144 26737143 26737142 26737149 26737148 26737147 26737146 26721700 26721701 26733861 26733862 26742965 26711320 26711321 26716480 26716481 26716482 26711319 26716483 26711314 26716488 
setupCart CHE15 26711313 26716489 26711312 26711311 26711318 26716484 26711317 26716485 26711316 26716486 26711315 26716487 26711310 26711309 26711308 26711301 26711300 26711303 26711302 26711305 26711304 26711307 26711306 26707506 26707505 26734284 26733935 26739314 26739313 26739316 26739315 26733934 26739323 26739322 26739321 26739320 26739327 26739326 26739325 26739324 26739319 26739317 26739318 26721461 26716275 26716276 26716277 26716278 26716279 26716270 
setupCart CHE16 26716271 26716272 26716273 26716274 26707069 26707068 26707065 26707064 26707067 26707066 26707061 26707060 26707063 26707062 26707499 26707497 26707498 26707495 26707496 26707493 26707494 26707491 26707492 26707490 26707059 26707058 26707057 26707056 26707055 26707054 26707053 26707486 26748279 26707487 26748278 26707488 26707489 26716297 26716298 26748277 26716299 26716293 26716294 26707480 26716295 26707481 26716296 26707482 26707483 26716290 
setupCart CHE17 26707484 26716291 26707485 26716292 26721694 26721693 26721692 26707477 26721699 26707478 26707475 26707476 26716288 26721695 26716289 26721696 26707479 26716286 26721697 26716287 26721698 26716284 26707470 26716285 26716282 26716283 26707473 26716280 26707474 26716281 26707471 26707472 26767409 26767408 26767405 26767404 26767407 26767406 26767401 26767400 26767403 26767402 26743046 26743047 26743048 26743049 26714060 26739393 26743054 26743053 
setupCart CHE18 26743056 26743055 26743050 26743052 26743051 26743059 26743057 26743058 26743067 26743066 26743065 26743064 26743063 26743062 26743061 26743060 26707084 26707085 26707082 26707083 26707086 26739373 26739372 26739371 26739370 26707081 26707080 26743034 26743033 26707071 26743037 26707072 26743038 26707073 26743035 26707074 26743036 26707075 26707076 26707077 26743039 26707078 26707079 26714056 26743041 26714055 26743040 26714054 26714053 26712892 
setupCart CHE19 26743045 26714059 26743044 26714058 26707070 26743043 26712893 26714057 26743042 26744663 26744664 26739355 26739356 26739353 26739354 26739359 26739357 26739358 26739351 26739352 26739350 26744652 26744653 26744654 26744655 26744656 26744657 26744658 26744659 26739364 26739365 26739366 26739367 26739368 26744660 26739369 26744662 26744661 26739360 26739361 26739362 26739363 26744649 26744647 26743069 26744648 26743068 26744645 26744646 26744643 
setupCart CHE20 26744644 26739329 26744641 26739328 26744642 26739337 26744651 26743071 26739338 26744650 26743072 26739335 26743073 26739336 26743074 26739333 26743075 26739334 26743076 26739331 26743077 26739332 26743078 26739330 26743070 26744638 26744639 26744634 26744635 26744636 26744637 26743079 26744630 26739339 26744631 26744632 26744633 26739346 26739347 26739348 26744640 26739349 26739342 26739343 26739344 26739345 26739340 26739341 26743080 26743081 
setupMany stop
